70.76639501391524 0.019937470016672742 0.10036973938113532 0.05437434440082743 2.0008089864909523e-09 0.9579624237905549 1379.3031894131448
70.92990485713989 0.020011232191965683 0.10027610978064429 0.0706403085944788 2.0684307255943784e-09 0.9601966692315368 1378.8449267742187
70.66773815283238 0.019967927498627955 0.10083203486341748 0.057634102790515035 2.0184259717056887e-09 0.9601038073762039 1375.078076039526
70.45992095213386 0.019866361228790517 0.10106172236376716 0.04388887425244627 1.9614552920157815e-09 0.9567759931216197 1373.0561703004496
70.45992095213386 0.019866361228790517 0.10106172236376716 0.04388887425244627 1.9614552920157815e-09 0.9567759931216197 1373.0561703004496
70.45992095213386 0.019866361228790517 0.10106172236376716 0.04388887425244627 1.9614552920157815e-09 0.9567759931216197 1373.0561703004496
70.73975112731536 0.019886334610770464 0.10052328214207565 0.0389835106222445 1.937747500054204e-09 0.9576066149433002 1370.4684982852255
70.73975112731536 0.019886334610770464 0.10052328214207565 0.0389835106222445 1.937747500054204e-09 0.9576066149433002 1370.4684982852255
70.91872193979579 0.019879539952662822 0.10018953063767042 0.03380494710468514 1.9135529449975243e-09 0.9581546552160691 1365.665712718388
70.91872193979579 0.019879539952662822 0.10018953063767042 0.03380494710468514 1.9135529449975243e-09 0.9581546552160691 1365.665712718388
70.91872193979579 0.019879539952662822 0.10018953063767042 0.03380494710468514 1.9135529449975243e-09 0.9581546552160691 1365.665712718388
70.91872193979579 0.019879539952662822 0.10018953063767042 0.03380494710468514 1.9135529449975243e-09 0.9581546552160691 1365.665712718388
70.91872193979579 0.019879539952662822 0.10018953063767042 0.03380494710468514 1.9135529449975243e-09 0.9581546552160691 1365.665712718388
70.91872193979579 0.019879539952662822 0.10018953063767042 0.03380494710468514 1.9135529449975243e-09 0.9581546552160691 1365.665712718388
70.91872193979579 0.019879539952662822 0.10018953063767042 0.03380494710468514 1.9135529449975243e-09 0.9581546552160691 1365.665712718388
70.91872193979579 0.019879539952662822 0.10018953063767042 0.03380494710468514 1.9135529449975243e-09 0.9581546552160691 1365.665712718388
70.91872193979579 0.019879539952662822 0.10018953063767042 0.03380494710468514 1.9135529449975243e-09 0.9581546552160691 1365.665712718388
70.91872193979579 0.019879539952662822 0.10018953063767042 0.03380494710468514 1.9135529449975243e-09 0.9581546552160691 1365.665712718388
70.91872193979579 0.019879539952662822 0.10018953063767042 0.03380494710468514 1.9135529449975243e-09 0.9581546552160691 1365.665712718388
70.91872193979579 0.019879539952662822 0.10018953063767042 0.03380494710468514 1.9135529449975243e-09 0.9581546552160691 1365.665712718388
70.91872193979579 0.019879539952662822 0.10018953063767042 0.03380494710468514 1.9135529449975243e-09 0.9581546552160691 1365.665712718388
70.91872193979579 0.019879539952662822 0.10018953063767042 0.03380494710468514 1.9135529449975243e-09 0.9581546552160691 1365.665712718388
70.91872193979579 0.019879539952662822 0.10018953063767042 0.03380494710468514 1.9135529449975243e-09 0.9581546552160691 1365.665712718388
71.1600512942801 0.019903764869612955 0.09986097317392988 0.037528735266913894 1.9259433785051074e-09 0.9583172538569965 1366.4148404815955
71.1600512942801 0.019903764869612955 0.09986097317392988 0.037528735266913894 1.9259433785051074e-09 0.9583172538569965 1366.4148404815955
71.1600512942801 0.019903764869612955 0.09986097317392988 0.037528735266913894 1.9259433785051074e-09 0.9583172538569965 1366.4148404815955
71.1600512942801 0.019903764869612955 0.09986097317392988 0.037528735266913894 1.9259433785051074e-09 0.9583172538569965 1366.4148404815955
71.1600512942801 0.019903764869612955 0.09986097317392988 0.037528735266913894 1.9259433785051074e-09 0.9583172538569965 1366.4148404815955
71.1600512942801 0.019903764869612955 0.09986097317392988 0.037528735266913894 1.9259433785051074e-09 0.9583172538569965 1366.4148404815955
70.94845691819931 0.019870915681880725 0.10012395972381175 0.03658547027844259 1.9220246465448473e-09 0.9570217324753363 1363.3878181059024
70.94845691819931 0.019870915681880725 0.10012395972381175 0.03658547027844259 1.9220246465448473e-09 0.9570217324753363 1363.3878181059024
70.94845691819931 0.019870915681880725 0.10012395972381175 0.03658547027844259 1.9220246465448473e-09 0.9570217324753363 1363.3878181059024
70.94845691819931 0.019870915681880725 0.10012395972381175 0.03658547027844259 1.9220246465448473e-09 0.9570217324753363 1363.3878181059024
70.94845691819931 0.019870915681880725 0.10012395972381175 0.03658547027844259 1.9220246465448473e-09 0.9570217324753363 1363.3878181059024
70.94845691819931 0.019870915681880725 0.10012395972381175 0.03658547027844259 1.9220246465448473e-09 0.9570217324753363 1363.3878181059024
70.94845691819931 0.019870915681880725 0.10012395972381175 0.03658547027844259 1.9220246465448473e-09 0.9570217324753363 1363.3878181059024
70.94845691819931 0.019870915681880725 0.10012395972381175 0.03658547027844259 1.9220246465448473e-09 0.9570217324753363 1363.3878181059024
70.94845691819931 0.019870915681880725 0.10012395972381175 0.03658547027844259 1.9220246465448473e-09 0.9570217324753363 1363.3878181059024
70.94845691819931 0.019870915681880725 0.10012395972381175 0.03658547027844259 1.9220246465448473e-09 0.9570217324753363 1363.3878181059024
70.94845691819931 0.019870915681880725 0.10012395972381175 0.03658547027844259 1.9220246465448473e-09 0.9570217324753363 1363.3878181059024
70.94845691819931 0.019870915681880725 0.10012395972381175 0.03658547027844259 1.9220246465448473e-09 0.9570217324753363 1363.3878181059024
70.94845691819931 0.019870915681880725 0.10012395972381175 0.03658547027844259 1.9220246465448473e-09 0.9570217324753363 1363.3878181059024
70.94845691819931 0.019870915681880725 0.10012395972381175 0.03658547027844259 1.9220246465448473e-09 0.9570217324753363 1363.3878181059024
70.94845691819931 0.019870915681880725 0.10012395972381175 0.03658547027844259 1.9220246465448473e-09 0.9570217324753363 1363.3878181059024
70.94845691819931 0.019870915681880725 0.10012395972381175 0.03658547027844259 1.9220246465448473e-09 0.9570217324753363 1363.3878181059024
70.94845691819931 0.019870915681880725 0.10012395972381175 0.03658547027844259 1.9220246465448473e-09 0.9570217324753363 1363.3878181059024
70.94845691819931 0.019870915681880725 0.10012395972381175 0.03658547027844259 1.9220246465448473e-09 0.9570217324753363 1363.3878181059024
70.94845691819931 0.019870915681880725 0.10012395972381175 0.03658547027844259 1.9220246465448473e-09 0.9570217324753363 1363.3878181059024
70.94845691819931 0.019870915681880725 0.10012395972381175 0.03658547027844259 1.9220246465448473e-09 0.9570217324753363 1363.3878181059024
70.94845691819931 0.019870915681880725 0.10012395972381175 0.03658547027844259 1.9220246465448473e-09 0.9570217324753363 1363.3878181059024
70.94845691819931 0.019870915681880725 0.10012395972381175 0.03658547027844259 1.9220246465448473e-09 0.9570217324753363 1363.3878181059024
70.94845691819931 0.019870915681880725 0.10012395972381175 0.03658547027844259 1.9220246465448473e-09 0.9570217324753363 1363.3878181059024
70.94845691819931 0.019870915681880725 0.10012395972381175 0.03658547027844259 1.9220246465448473e-09 0.9570217324753363 1363.3878181059024
70.94845691819931 0.019870915681880725 0.10012395972381175 0.03658547027844259 1.9220246465448473e-09 0.9570217324753363 1363.3878181059024
70.94845691819931 0.019870915681880725 0.10012395972381175 0.03658547027844259 1.9220246465448473e-09 0.9570217324753363 1363.3878181059024
70.94845691819931 0.019870915681880725 0.10012395972381175 0.03658547027844259 1.9220246465448473e-09 0.9570217324753363 1363.3878181059024
70.88777888481727 0.01981052371077924 0.0999196560884686 0.03370699282172319 1.9059580699940718e-09 0.9548272378157343 1361.0828964727048
70.88777888481727 0.01981052371077924 0.0999196560884686 0.03370699282172319 1.9059580699940718e-09 0.9548272378157343 1361.0828964727048
70.6824486457243 0.01983051952218509 0.1009674099241608 0.03758412901856846 1.930074662164863e-09 0.9545461116076287 1360.5689744472584
70.6824486457243 0.01983051952218509 0.1009674099241608 0.03758412901856846 1.930074662164863e-09 0.9545461116076287 1360.5689744472584
70.6824486457243 0.01983051952218509 0.1009674099241608 0.03758412901856846 1.930074662164863e-09 0.9545461116076287 1360.5689744472584
70.6824486457243 0.01983051952218509 0.1009674099241608 0.03758412901856846 1.930074662164863e-09 0.9545461116076287 1360.5689744472584
70.6824486457243 0.01983051952218509 0.1009674099241608 0.03758412901856846 1.930074662164863e-09 0.9545461116076287 1360.5689744472584
70.36022380298321 0.019811501068013052 0.10163917833367007 0.03500571151286736 1.9234452032045413e-09 0.9521828710197224 1358.7276391516575
70.36022380298321 0.019811501068013052 0.10163917833367007 0.03500571151286736 1.9234452032045413e-09 0.9521828710197224 1358.7276391516575
70.36022380298321 0.019811501068013052 0.10163917833367007 0.03500571151286736 1.9234452032045413e-09 0.9521828710197224 1358.7276391516575
70.36022380298321 0.019811501068013052 0.10163917833367007 0.03500571151286736 1.9234452032045413e-09 0.9521828710197224 1358.7276391516575
70.36022380298321 0.019811501068013052 0.10163917833367007 0.03500571151286736 1.9234452032045413e-09 0.9521828710197224 1358.7276391516575
70.87881117774609 0.01989684697807958 0.10036195143352136 0.040211626231366766 1.9367225768965927e-09 0.9549739241987727 1361.894042115291
70.87881117774609 0.01989684697807958 0.10036195143352136 0.040211626231366766 1.9367225768965927e-09 0.9549739241987727 1361.894042115291
70.87881117774609 0.01989684697807958 0.10036195143352136 0.040211626231366766 1.9367225768965927e-09 0.9549739241987727 1361.894042115291
70.87881117774609 0.01989684697807958 0.10036195143352136 0.040211626231366766 1.9367225768965927e-09 0.9549739241987727 1361.894042115291
70.87881117774609 0.01989684697807958 0.10036195143352136 0.040211626231366766 1.9367225768965927e-09 0.9549739241987727 1361.894042115291
70.87881117774609 0.01989684697807958 0.10036195143352136 0.040211626231366766 1.9367225768965927e-09 0.9549739241987727 1361.894042115291
71.08733104616296 0.019850183643750706 0.0997666742733948 0.03527484430935979 1.910363625347855e-09 0.9535179517281106 1360.2065825400562
71.08733104616296 0.019850183643750706 0.0997666742733948 0.03527484430935979 1.910363625347855e-09 0.9535179517281106 1360.2065825400562
71.08733104616296 0.019850183643750706 0.0997666742733948 0.03527484430935979 1.910363625347855e-09 0.9535179517281106 1360.2065825400562
71.08733104616296 0.019850183643750706 0.0997666742733948 0.03527484430935979 1.910363625347855e-09 0.9535179517281106 1360.2065825400562
71.08733104616296 0.019850183643750706 0.0997666742733948 0.03527484430935979 1.910363625347855e-09 0.9535179517281106 1360.2065825400562
71.08733104616296 0.019850183643750706 0.0997666742733948 0.03527484430935979 1.910363625347855e-09 0.9535179517281106 1360.2065825400562
71.08733104616296 0.019850183643750706 0.0997666742733948 0.03527484430935979 1.910363625347855e-09 0.9535179517281106 1360.2065825400562
71.08733104616296 0.019850183643750706 0.0997666742733948 0.03527484430935979 1.910363625347855e-09 0.9535179517281106 1360.2065825400562
71.08733104616296 0.019850183643750706 0.0997666742733948 0.03527484430935979 1.910363625347855e-09 0.9535179517281106 1360.2065825400562
71.08733104616296 0.019850183643750706 0.0997666742733948 0.03527484430935979 1.910363625347855e-09 0.9535179517281106 1360.2065825400562
71.14188693541972 0.01985629711289776 0.0999716331456134 0.03411838237503306 1.906912832948483e-09 0.9525663059233835 1358.7668843240117
71.14188693541972 0.01985629711289776 0.0999716331456134 0.03411838237503306 1.906912832948483e-09 0.9525663059233835 1358.7668843240117
71.14188693541972 0.01985629711289776 0.0999716331456134 0.03411838237503306 1.906912832948483e-09 0.9525663059233835 1358.7668843240117
71.14188693541972 0.01985629711289776 0.0999716331456134 0.03411838237503306 1.906912832948483e-09 0.9525663059233835 1358.7668843240117
71.14188693541972 0.01985629711289776 0.0999716331456134 0.03411838237503306 1.906912832948483e-09 0.9525663059233835 1358.7668843240117
71.14188693541972 0.01985629711289776 0.0999716331456134 0.03411838237503306 1.906912832948483e-09 0.9525663059233835 1358.7668843240117
71.14188693541972 0.01985629711289776 0.0999716331456134 0.03411838237503306 1.906912832948483e-09 0.9525663059233835 1358.7668843240117
71.14188693541972 0.01985629711289776 0.0999716331456134 0.03411838237503306 1.906912832948483e-09 0.9525663059233835 1358.7668843240117
71.14188693541972 0.01985629711289776 0.0999716331456134 0.03411838237503306 1.906912832948483e-09 0.9525663059233835 1358.7668843240117
71.14188693541972 0.01985629711289776 0.0999716331456134 0.03411838237503306 1.906912832948483e-09 0.9525663059233835 1358.7668843240117
71.14188693541972 0.01985629711289776 0.0999716331456134 0.03411838237503306 1.906912832948483e-09 0.9525663059233835 1358.7668843240117
71.14188693541972 0.01985629711289776 0.0999716331456134 0.03411838237503306 1.906912832948483e-09 0.9525663059233835 1358.7668843240117
71.58951265570535 0.019941484697867152 0.09919439655593726 0.03798361728068015 1.918960051427743e-09 0.9541983119132679 1362.9718984558672
71.58951265570535 0.019941484697867152 0.09919439655593726 0.03798361728068015 1.918960051427743e-09 0.9541983119132679 1362.9718984558672
71.58951265570535 0.019941484697867152 0.09919439655593726 0.03798361728068015 1.918960051427743e-09 0.9541983119132679 1362.9718984558672
71.58951265570535 0.019941484697867152 0.09919439655593726 0.03798361728068015 1.918960051427743e-09 0.9541983119132679 1362.9718984558672
